334,
280,
181,
240,
382,
250,
601,
486,
353,
506,
472,
289,
403,
320,
436,
340,
341,
350,
602,
254,
444,
236,
388,
601,
248,
290,
337,
314,
397,
445,
287,
601,
378,
580,
286,
280,
298,
318,
241,
259,
560,
616,
270,
264,
497,
315,
254,
447,
450,
591,
275,
203,
402,
270,
260,
538,
505,
594,
298,
386,
202,
360,
281,
483,
383,
410,
548,
381,
317,
619,
332,
509,
245,
308,
346,
630,
600,
485,
314,
611,
360,
307,
305,
306,
245,
211,
628,
165,
501,
214,
422,
620,
166,
465,
405,
465,
187,
258,
315,
343,
